$ANSIBLE_VAULT;1.1;AES256
37633536373134663238633036383365336666393331373966366430313832363634373261623966
6163623561643230663761323935613161383032653464650a316466613465356531663138393834
31356335336639343663663036643964303538303435326338373238326630373832356234653933
3839373161303531380a353035653536663636393537666336303734386535663236663362336231
36616539353433326138313362366133656265326338333464363137313532306461633539343933
33336235636335333535633065393931313862613832353363663838623661616439356464306630
37366138396630643965393331323064323832326637373165376162626132386637333164653731
66623939626639323966346263653630623337616234623963333233336439343363623334633632
30666262303933343338613066643530653236353866393036363735303062316439323238663864
65343137626636633636653136376163373935663234386561653536613434636563636135323263
63356137636561383934666635653766643135356237316331336437333039623538663531626134
61343565326133303730643739643331623461663533363465663138333732306663623330616266
39613634623763616636666332343132333338343238653637376264323433623739306234616631
65356366343930633235653766383932303234383463373931643633636466623562653661323832
33326262663263333866346533336639633633353138306233373937653264633036306630356332
34323038626432623035666230383235346664633638623631623237343439346663346331346530
3138
