$ANSIBLE_VAULT;1.1;AES256
62333263653561373362666564656633316531613735396363363661336233326538303230373161
3938323766613932303561356438316433303363323032320a386666386263376334646638376232
35316662643930653961653933633161323837333230656137666535336364353234646634643830
3039343638343462350a383831666538313035653130396461623961343132653034313839323635
31333565636362323037356563393035623362383264613061373730643035366639633837306431
34616261373938326136393361626462346361336432623432636466663137366134613334303135
38646166363938666263653162343466303830366231326532363837333935326336386537653537
38346333636130393834306262373763373036316638616434336636393339643664393063383439
36353636653130356535666563613132336462613463663732376663343131376333636664306231
38613765613061346432616231613739633633333665376630663634666237646532653335643864
32366562313865313230323138303533636630333662366633663865353536353964326433623230
66336261373961336336386164326661633861363233353666326439386135323935306637303534
3836
